------------------------------------------------------------------------------------------------------------------------------------------------
Frame   Bit/pic QP QL    SnrY    SnrU    SnrV   SsimY   SsimU   SsimV   Sm3dY   Sm3dU   Sm3dV   StsmY   StsmU   StsmV  T(ms) M(ms)   I L0 L1 Ref
------------------------------------------------------------------------------------------------------------------------------------------------
0000(I)   17832 31  0  36.515  42.774  42.612  0.9484  0.9599  0.9617  0.0000  0.0000  0.0000  0.0000  0.0000  0.0000   1081     0  99  0  0 1
0001(P)     680 31  0  36.377  42.736  42.716  0.9483  0.9606  0.9630  0.9470  0.9711  0.9843  0.9000  0.9329  0.9479   1961   318   0  1  0 1
0002(P)     672 31  0  36.061  42.819  42.691  0.9453  0.9614  0.9629  0.9460  0.9687  0.9819  0.8963  0.9313  0.9454   2236   748   0  2  0 1
0003(P)    1000 31  0  35.710  42.878  42.734  0.9420  0.9617  0.9634  0.9445  0.9666  0.9797  0.8920  0.9296  0.9438   2804   937   0  3  0 1
0004(P)     648 31  0  35.142  42.840  42.731  0.9396  0.9618  0.9632  0.9430  0.9653  0.9780  0.8884  0.9285  0.9419   3288  1229   0  4  0 1
0005(P)     512 31  0  35.087  42.860  42.774  0.9400  0.9618  0.9630  0.9426  0.9631  0.9757  0.8883  0.9264  0.9395   4248  1742   0  5  0 1
0006(P)     632 31  0  35.305  42.870  42.736  0.9413  0.9625  0.9629  0.9420  0.9615  0.9739  0.8890  0.9254  0.9378   4213  1434   0  5  0 1
0007(P)     592 31  0  35.314  42.885  42.758  0.9414  0.9627  0.9631  0.9417  0.9598  0.9722  0.8889  0.9240  0.9363   4334  1497   0  5  0 1
0008(P)     584 31  0  34.977  42.858  42.814  0.9400  0.9627  0.9635  0.9412  0.9584  0.9709  0.8872  0.9226  0.9353   4710  1605   0  5  0 1
0009(P)     896 31  0  35.344  42.908  42.785  0.9402  0.9633  0.9633  0.9411  0.9575  0.9696  0.8872  0.9224  0.9339   5147  1702   0  5  0 1
0010(P)     752 31  0  35.312  42.883  42.795  0.9387  0.9635  0.9632  0.9405  0.9560  0.9682  0.8852  0.9211  0.9326   5296  1501   1  5  0 1
0011(P)    1192 31  0  35.107  43.024  42.932  0.9366  0.9644  0.9643  0.9401  0.9551  0.9672  0.8830  0.9211  0.9326   5561  1466   0  5  0 1
0012(P)    1184 31  0  34.785  43.106  42.936  0.9372  0.9653  0.9648  0.9395  0.9543  0.9663  0.8829  0.9211  0.9323   5853  1748   0  5  0 1
0013(P)     800 31  0  34.594  43.070  42.915  0.9351  0.9651  0.9645  0.9389  0.9529  0.9650  0.8805  0.9196  0.9307   5724  1604   0  5  0 1
0014(P)    1304 31  0  34.699  43.064  42.810  0.9332  0.9648  0.9639  0.9384  0.9522  0.9640  0.8782  0.9187  0.9291   6262  1547   1  5  0 1
0015(P)    1328 31  0  34.165  43.150  42.868  0.9327  0.9651  0.9644  0.9382  0.9511  0.9630  0.8775  0.9178  0.9287   6780  1505   2  5  0 1
0016(P)     776 31  0  34.756  43.174  42.864  0.9339  0.9652  0.9646  0.9384  0.9514  0.9630  0.8789  0.9183  0.9289   6893  1886   0  5  0 1
0017(P)    1080 31  0  34.984  43.231  42.920  0.9345  0.9658  0.9651  0.9385  0.9507  0.9622  0.8795  0.9181  0.9286   6928  1483   0  5  0 1
0018(P)    1232 31  0  35.033  43.303  42.991  0.9331  0.9663  0.9661  0.9385  0.9512  0.9623  0.8782  0.9191  0.9296   7544  1764   0  5  0 1
0019(P)     800 31  0  34.620  43.297  42.954  0.9322  0.9661  0.9659  0.9383  0.9505  0.9616  0.8771  0.9182  0.9288   7687  1477   1  5  0 1
0020(P)    1104 31  0  34.905  43.296  42.977  0.9322  0.9661  0.9663  0.9383  0.9501  0.9611  0.8772  0.9178  0.9286   7487  1557   0  5  0 1
0021(P)     664 31  0  34.703  43.298  42.907  0.9316  0.9657  0.9657  0.9379  0.9501  0.9608  0.8763  0.9175  0.9278   8482  1740   0  5  0 1
0022(P)     624 31  0  34.655  43.261  42.912  0.9316  0.9655  0.9654  0.9381  0.9498  0.9604  0.8765  0.9171  0.9272   7506  1447   0  5  0 1
0023(P)     664 31  0  34.668  43.256  42.798  0.9315  0.9651  0.9654  0.9378  0.9498  0.9601  0.8761  0.9167  0.9267   6940  1282   1  5  0 1
0024(P)     824 31  0  34.468  43.260  42.722  0.9314  0.9654  0.9651  0.9379  0.9498  0.9599  0.8760  0.9170  0.9263   7095  1266   0  5  0 1
0025(P)     904 31  0  34.477  43.252  42.804  0.9314  0.9656  0.9655  0.9378  0.9502  0.9601  0.8759  0.9175  0.9268   7246  1258   2  5  0 1
0026(P)    1200 31  0  34.540  43.203  42.801  0.9334  0.9651  0.9657  0.9372  0.9505  0.9601  0.8771  0.9173  0.9271   8184  1542   0  5  0 1
0027(P)     976 31  0  34.058  43.221  42.848  0.9329  0.9648  0.9661  0.9361  0.9505  0.9601  0.8756  0.9171  0.9275   8207  1395   0  5  0 1
0028(P)    1104 31  0  34.366  43.196  42.821  0.9324  0.9653  0.9657  0.9358  0.9505  0.9601  0.8748  0.9175  0.9271   8222  1418   1  5  0 1
0029(P)    1216 31  0  34.013  43.170  42.901  0.9325  0.9658  0.9666  0.9353  0.9506  0.9601  0.8742  0.9181  0.9280   7886  1395   1  5  0 1
0030(P)     888 31  0  33.634  43.219  42.791  0.9301  0.9662  0.9660  0.9351  0.9506  0.9603  0.8718  0.9185  0.9275   8235  1419   0  5  0 1
0031(P)    1712 31  0  34.742  43.276  42.807  0.9332  0.9667  0.9666  0.9354  0.9510  0.9607  0.8749  0.9194  0.9286   7165  1264   2  5  0 1
0032(P)     960 31  0  34.246  43.347  42.772  0.9326  0.9669  0.9671  0.9352  0.9512  0.9610  0.8741  0.9198  0.9293   7090  1242   0  5  0 1
0033(P)    1416 31  0  34.671  43.389  42.784  0.9351  0.9672  0.9671  0.9354  0.9511  0.9609  0.8767  0.9200  0.9293   7089  1238   1  5  0 1
0034(P)    1256 31  0  34.405  43.301  42.861  0.9349  0.9671  0.9672  0.9357  0.9510  0.9609  0.8765  0.9198  0.9294   7082  1243   3  5  0 1
0035(P)    1232 31  0  34.374  43.125  42.854  0.9354  0.9663  0.9678  0.9364  0.9512  0.9612  0.8774  0.9192  0.9302   7081  1240   0  5  0 1
0036(P)    1536 31  0  34.165  43.154  42.963  0.9342  0.9666  0.9684  0.9369  0.9512  0.9613  0.8768  0.9195  0.9309   7169  1246   1  5  0 1
0037(P)    1288 31  0  33.920  43.132  43.088  0.9330  0.9662  0.9686  0.9376  0.9511  0.9613  0.8762  0.9190  0.9311   7457  1295   1  5  0 1
0038(P)    1792 31  0  34.123  43.051  42.975  0.9354  0.9649  0.9688  0.9384  0.9511  0.9613  0.8789  0.9178  0.9313   7229  1285   4  5  0 1
0039(P)    1960 31  0  34.171  42.904  42.993  0.9343  0.9651  0.9687  0.9393  0.9509  0.9613  0.8787  0.9177  0.9312   7114  1267   3  5  0 1
0040(P)    1968 31  0  33.481  42.859  43.059  0.9290  0.9655  0.9688  0.9395  0.9505  0.9611  0.8738  0.9178  0.9311   7246  1257   3  5  0 1
0041(P)    2736 31  0  33.612  42.895  42.980  0.9270  0.9658  0.9695  0.9399  0.9497  0.9606  0.8723  0.9172  0.9313   7217  1258   1  5  0 1
0042(P)    3616 31  0  33.622  42.737  43.126  0.9256  0.9651  0.9702  0.9396  0.9495  0.9602  0.8709  0.9164  0.9315   7204  1268   4  5  0 1
0043(P)    3072 31  0  33.448  42.702  42.806  0.9251  0.9655  0.9689  0.9402  0.9485  0.9592  0.8710  0.9158  0.9294   7142  1240   2  5  0 1
0044(P)    3544 31  0  33.552  42.627  42.554  0.9288  0.9661  0.9672  0.9421  0.9491  0.9593  0.8760  0.9170  0.9278   7117  1238   3  5  0 1
0045(P)    4304 31  0  34.638  42.706  42.824  0.9345  0.9666  0.9675  0.9439  0.9478  0.9584  0.8830  0.9161  0.9272   7128  1250   7  5  0 1
0046(P)    4640 31  0  35.161  42.712  42.956  0.9380  0.9670  0.9679  0.9459  0.9483  0.9585  0.8882  0.9170  0.9277   7152  1256   5  5  0 1
0047(P)    4496 31  0  34.469  42.920  42.913  0.9358  0.9687  0.9672  0.9475  0.9487  0.9588  0.8874  0.9191  0.9274   7642  1466  10  5  0 1
0048(P)    4896 31  0  35.175  42.756  43.178  0.9401  0.9704  0.9694  0.9497  0.9499  0.9595  0.8935  0.9219  0.9302   7175  1253  12  5  0 1
0049(P)    4928 31  0  35.080  42.791  43.878  0.9398  0.9722  0.9741  0.9518  0.9510  0.9603  0.8950  0.9247  0.9356   7162  1281  17  5  0 1
0050(P)    4520 31  0  35.934  42.828  43.869  0.9430  0.9731  0.9738  0.9542  0.9522  0.9609  0.9002  0.9267  0.9359   7125  1253  10  5  0 1
0051(P)    4096 31  0  36.850  43.072  43.985  0.9496  0.9740  0.9758  0.9565  0.9538  0.9616  0.9088  0.9292  0.9385   7126  1257  16  5  0 1
0052(P)    2952 31  0  36.450  43.532  44.248  0.9501  0.9745  0.9770  0.9590  0.9550  0.9622  0.9113  0.9308  0.9402   7207  1266  10  5  0 1
0053(P)    3632 31  0  36.092  44.200  44.558  0.9497  0.9773  0.9788  0.9611  0.9563  0.9630  0.9128  0.9347  0.9427   7138  1260  11  5  0 1
0054(P)    3560 31  0  35.535  44.468  44.253  0.9436  0.9780  0.9789  0.9624  0.9570  0.9636  0.9083  0.9361  0.9434   7145  1253   7  5  0 1
0055(P)    3664 31  0  35.596  44.215  44.091  0.9410  0.9772  0.9778  0.9635  0.9576  0.9641  0.9068  0.9358  0.9428   7092  1241   9  5  0 1
0056(P)    3680 31  0  35.330  43.424  44.000  0.9409  0.9748  0.9778  0.9642  0.9581  0.9646  0.9074  0.9340  0.9433   7129  1226   7  5  0 1
0057(P)    4416 31  0  36.164  43.591  44.533  0.9426  0.9757  0.9787  0.9648  0.9588  0.9654  0.9096  0.9355  0.9449   7114  1251  18  5  0 1
0058(P)    4024 31  0  35.921  43.561  44.744  0.9429  0.9743  0.9783  0.9650  0.9594  0.9660  0.9101  0.9347  0.9451   7143  1261   6  5  0 1
0059(P)    4408 31  0  36.271  43.538  44.467  0.9463  0.9736  0.9781  0.9653  0.9597  0.9666  0.9136  0.9344  0.9454   7372  1305  11  5  0 1
0060(P)    4112 31  0  35.500  43.313  43.750  0.9450  0.9718  0.9753  0.9656  0.9606  0.9675  0.9127  0.9336  0.9436   7342  1308   6  5  0 1
0061(P)    4040 31  0  35.496  43.156  43.589  0.9443  0.9712  0.9741  0.9658  0.9609  0.9681  0.9122  0.9332  0.9429   7269  1282   7  5  0 1
0062(P)    3928 31  0  35.176  43.134  43.380  0.9403  0.9711  0.9737  0.9660  0.9616  0.9690  0.9085  0.9338  0.9434   7076  1227   7  5  0 1
0063(P)    4048 31  0  35.488  43.100  43.040  0.9392  0.9717  0.9723  0.9663  0.9620  0.9694  0.9078  0.9348  0.9425   7096  1256   7  5  0 1
0064(P)    4472 31  0  35.695  43.443  42.869  0.9413  0.9717  0.9722  0.9664  0.9624  0.9700  0.9099  0.9352  0.9429   7081  1221   6  5  0 1
0065(P)    2856 31  0  34.067  42.969  42.561  0.9310  0.9693  0.9703  0.9663  0.9626  0.9704  0.8998  0.9330  0.9415   7113  1248   5  5  0 1
0066(P)    3928 31  0  34.622  42.642  42.584  0.9297  0.9678  0.9684  0.9663  0.9632  0.9711  0.8985  0.9321  0.9404   7103  1225   8  5  0 1
0067(P)    3336 31  0  33.457  42.811  42.501  0.9261  0.9672  0.9677  0.9663  0.9641  0.9719  0.8950  0.9324  0.9403   7093  1233   9  5  0 1
0068(P)    2920 31  0  33.579  42.685  42.508  0.9247  0.9676  0.9672  0.9662  0.9650  0.9729  0.8935  0.9337  0.9408   7075  1234   5  5  0 1
0069(P)    2272 31  0  33.770  42.675  42.641  0.9227  0.9672  0.9682  0.9660  0.9659  0.9736  0.8915  0.9342  0.9425   7107  1244   2  5  0 1
0070(P)    2328 31  0  34.390  42.983  42.601  0.9241  0.9686  0.9675  0.9660  0.9667  0.9742  0.8929  0.9363  0.9425   7098  1237   1  5  0 1
0071(P)    2112 31  0  33.879  43.195  42.649  0.9254  0.9697  0.9675  0.9653  0.9661  0.9737  0.8936  0.9369  0.9420   7121  1225   1  5  0 1
0072(P)    2320 31  0  34.368  43.259  42.649  0.9295  0.9701  0.9671  0.9642  0.9643  0.9725  0.8966  0.9355  0.9405   7133  1244   4  5  0 1
0073(P)    2824 31  0  34.221  43.116  42.537  0.9292  0.9695  0.9657  0.9629  0.9622  0.9711  0.8952  0.9330  0.9379   7113  1232   7  5  0 1
0074(P)    2656 31  0  33.890  43.161  42.758  0.9245  0.9698  0.9665  0.9614  0.9599  0.9695  0.8893  0.9311  0.9371   7080  1233   0  5  0 1
0075(P)    2232 31  0  33.529  43.162  42.600  0.9236  0.9703  0.9659  0.9598  0.9581  0.9682  0.8872  0.9298  0.9353   7080  1215   1  5  0 1
0076(P)    2272 31  0  32.888  43.168  42.435  0.9219  0.9696  0.9651  0.9578  0.9560  0.9664  0.8838  0.9271  0.9328   7080  1228   2  5  0 1
0077(P)    2664 31  0  33.162  43.244  42.728  0.9228  0.9706  0.9661  0.9558  0.9543  0.9651  0.8828  0.9264  0.9325   7095  1256   4  5  0 1
0078(P)    2600 31  0  33.656  43.208  42.641  0.9242  0.9701  0.9653  0.9542  0.9530  0.9639  0.8828  0.9247  0.9306   7072  1237   3  5  0 1
0079(P)    2104 31  0  33.124  42.934  42.646  0.9227  0.9692  0.9655  0.9531  0.9529  0.9639  0.8801  0.9236  0.9307   7072  1233   0  5  0 1
0080(P)    3536 31  0  33.764  43.143  42.711  0.9264  0.9699  0.9653  0.9524  0.9532  0.9640  0.8832  0.9247  0.9306   7099  1242   4  5  0 1
0081(P)    3288 31  0  33.582  43.102  42.630  0.9243  0.9695  0.9651  0.9516  0.9530  0.9639  0.8804  0.9242  0.9303   7116  1257   2  5  0 1
0082(P)    3056 31  0  33.861  43.153  42.717  0.9262  0.9696  0.9655  0.9510  0.9532  0.9640  0.8817  0.9244  0.9309   7079  1233   2  5  0 1
0083(P)    2560 31  0  31.945  43.061  42.528  0.9195  0.9693  0.9645  0.9499  0.9533  0.9639  0.8744  0.9242  0.9298   7124  1236   0  5  0 1
0084(P)    3504 31  0  33.652  42.830  42.511  0.9246  0.9677  0.9638  0.9491  0.9535  0.9640  0.8786  0.9228  0.9292   7058  1238   2  5  0 1
0085(P)    2560 31  0  33.672  42.872  42.611  0.9243  0.9678  0.9640  0.9476  0.9535  0.9639  0.8770  0.9229  0.9293   7025  1216   2  5  0 1
0086(P)    2528 31  0  33.675  42.993  42.551  0.9234  0.9678  0.9638  0.9460  0.9538  0.9641  0.8748  0.9233  0.9293   7094  1225   0  5  0 1
0087(P)    2280 31  0  32.972  42.846  42.442  0.9198  0.9667  0.9638  0.9446  0.9536  0.9638  0.8702  0.9220  0.9289   7073  1255   1  5  0 1
0088(P)    2864 31  0  33.168  42.749  42.630  0.9225  0.9655  0.9645  0.9438  0.9536  0.9638  0.8719  0.9210  0.9296   7033  1208   4  5  0 1
0089(P)    2080 31  0  32.816  42.722  42.639  0.9212  0.9657  0.9646  0.9429  0.9535  0.9637  0.8699  0.9210  0.9296   7078  1249   2  5  0 1
0090(P)    2528 31  0  32.728  42.701  42.599  0.9214  0.9658  0.9647  0.9427  0.9535  0.9635  0.8698  0.9210  0.9296   7025  1220   4  5  0 1
0091(P)    1952 31  0  32.270  42.719  42.544  0.9184  0.9653  0.9647  0.9428  0.9536  0.9637  0.8671  0.9206  0.9297   7033  1234   2  5  0 1
0092(P)    2336 31  0  32.128  42.630  42.393  0.9177  0.9657  0.9634  0.9427  0.9537  0.9636  0.8664  0.9210  0.9283   7095  1214   2  5  0 1
0093(P)    2960 31  0  33.153  42.764  42.411  0.9220  0.9660  0.9638  0.9429  0.9536  0.9634  0.8705  0.9214  0.9284   7045  1246   4  5  0 1
0094(P)    1424 31  0  32.638  42.724  42.285  0.9193  0.9663  0.9638  0.9427  0.9538  0.9635  0.8677  0.9218  0.9286   7036  1240   0  5  0 1
0095(P)    1720 31  0  33.016  42.836  42.405  0.9180  0.9668  0.9641  0.9424  0.9539  0.9635  0.8665  0.9223  0.9289   7056  1239   3  5  0 1
0096(P)    1632 31  0  33.172  42.723  42.453  0.9187  0.9665  0.9639  0.9420  0.9533  0.9630  0.8668  0.9215  0.9282   7082  1252   1  5  0 1
0097(P)    2000 31  0  33.227  42.675  42.408  0.9191  0.9666  0.9635  0.9417  0.9529  0.9626  0.8669  0.9211  0.9274   7336  1292   1  5  0 1
0098(P)    1448 31  0  33.501  42.659  42.543  0.9186  0.9666  0.9646  0.9408  0.9521  0.9620  0.8657  0.9204  0.9279   8500  1367   2  5  0 1
0099(P)     832 31  0  33.244  42.711  42.596  0.9172  0.9670  0.9652  0.9400  0.9510  0.9612  0.8638  0.9197  0.9276   8580  1445   1  5  0 1
